

main: floorRequestTimes:
30091900
1717200
2402100
2539700
1627400
1832000
2087800
1829300


sub-1: elevatorArrivalSensorTimes:
896700
724100
791100
954600
483100
1501500
943500
838800
1737600
833400
854400
475400
736800
1513500
1576800
299800
725900
725800
736100
853000
669700
620500
729100
775500
3977400
614900
717400
641300
654800
674700
758500
sub-1: elevatorStoppedTimes:
1640000
1330300
1189600


sub-2: elevatorArrivalSensorTimes:
627300
674000
500900
505000
546600
301800
510700
449600
438700
397400
286800
391200
392000
384900
425000
534600
386700
451800
393500
449000
482100
355800
400500
351100
320800
314600
698200
675100
943300
652000
590100
593000
631700
573400
688200
676100
546500
604100
577400
647400
623300
644100
526700
634100
586400
960000
615800
sub-2: elevatorStoppedTimes:
1038800
1001000
1028600
916200
896200


sub-3: elevatorArrivalSensorTimes: 
708700
760200
sub-3: elevatorStoppedTimes:
1469600
1601000
920500


sub-4: elevatorArrivalSensorTimes: 
316400
452600
531100
650400
475100
sub-4: elevatorStoppedTimes: